"IL" "XL" "T" "F"
4241 3387 923 6
4249 3387 923 6
4257 3387 923 6
4241 3395 923 6
4249 3395 923 6
4257 3395 923 6
4241 3403 923 6
4249 3403 923 6
4257 3403 923 6
4241 3411 923 6
4249 3411 923 6
4257 3411 923 6
4241 3387 921 6
4249 3387 921 6
4257 3387 921 6
4241 3395 921 6
4249 3395 921 6
4257 3395 921 6
4241 3403 921 6
4249 3403 921 6
4257 3403 921 6
4241 3411 921 6
4249 3411 921 6
4257 3411 921 6
4241 3403 919 6
4249 3403 919 6
4257 3403 919 6
4241 3411 919 6
4249 3411 919 6
4257 3411 919 6
4241 3403 917 6
4249 3403 917 6
4257 3403 917 6
4241 3411 917 6
4249 3411 917 6
4257 3411 917 6
4241 3403 915 6
4249 3403 915 6
4257 3403 915 6
4241 3411 915 6
4249 3411 915 6
4257 3411 915 6
4241 3403 913 6
4249 3403 913 6
4257 3403 913 6
4241 3411 913 6
4249 3411 913 6
4257 3411 913 6
4241 3403 909 6
4249 3403 909 6
4257 3403 909 6
4241 3411 909 6
4249 3411 909 6
4257 3411 909 6
4241 3403 907 6
4249 3403 907 6
4257 3403 907 6
4241 3411 907 6
4249 3411 907 6
4257 3411 907 6
4241 3403 903 6
4249 3403 903 6
4257 3403 903 6
4241 3411 903 6
4249 3411 903 6
4257 3411 903 6
4241 3403 901 6
4249 3403 901 6
4257 3403 901 6
4241 3411 901 6
4249 3411 901 6
4257 3411 901 6
4241 3395 899 6
4249 3395 899 6
4257 3395 899 6
4241 3403 899 6
4249 3403 899 6
4257 3403 899 6
4241 3411 899 6
4249 3411 899 6
4257 3411 899 6
4241 3395 897 6
4249 3395 897 6
4257 3395 897 6
4241 3403 897 6
4249 3403 897 6
4257 3403 897 6
4241 3411 897 6
4249 3411 897 6
4257 3411 897 6
4241 3395 895 6
4249 3395 895 6
4257 3395 895 6
4241 3403 895 6
4249 3403 895 6
4257 3403 895 6
4241 3411 895 6
4249 3411 895 6
4257 3411 895 6
4241 3395 893 6
4249 3395 893 6
4257 3395 893 6
4241 3403 893 6
4249 3403 893 6
4257 3403 893 6
4241 3411 893 6
4249 3411 893 6
4257 3411 893 6
4241 3859 893 6
4249 3859 893 6
4257 3859 893 6
4241 3867 893 6
4249 3867 893 6
4257 3867 893 6
4241 3395 891 6
4249 3395 891 6
4257 3395 891 6
4241 3403 891 6
4249 3403 891 6
4257 3403 891 6
4241 3411 891 6
4249 3411 891 6
4257 3411 891 6
4241 3843 891 6
4249 3843 891 6
4257 3843 891 6
4241 3851 891 6
4249 3851 891 6
4257 3851 891 6
4241 3859 891 6
4249 3859 891 6
4257 3859 891 6
4241 3867 891 6
4249 3867 891 6
4257 3867 891 6
4241 3387 889 6
4249 3387 889 6
4257 3387 889 6
4241 3395 889 6
4249 3395 889 6
4257 3395 889 6
4241 3403 889 6
4249 3403 889 6
4257 3403 889 6
4241 3411 889 6
4249 3411 889 6
4257 3411 889 6
4241 3843 889 6
4249 3843 889 6
4257 3843 889 6
4241 3851 889 6
4249 3851 889 6
4257 3851 889 6
4241 3859 889 6
4249 3859 889 6
4257 3859 889 6
4241 3387 887 6
4249 3387 887 6
4257 3387 887 6
4241 3395 887 6
4249 3395 887 6
4257 3395 887 6
4241 3403 887 6
4249 3403 887 6
4257 3403 887 6
4241 3851 887 6
4249 3851 887 6
4257 3851 887 6
4241 3859 887 6
4249 3859 887 6
4257 3859 887 6
4241 3867 887 6
4249 3867 887 6
4257 3867 887 6
4241 3395 885 6
4249 3395 885 6
4257 3395 885 6
4241 3403 885 6
4249 3403 885 6
4257 3403 885 6
4241 3507 885 6
4249 3507 885 6
4257 3507 885 6
4241 3515 885 6
4249 3515 885 6
4257 3515 885 6
4241 3843 885 6
4249 3843 885 6
4257 3843 885 6
4241 3851 885 6
4249 3851 885 6
4257 3851 885 6
4241 3859 885 6
4249 3859 885 6
4257 3859 885 6
4241 3867 885 6
4249 3867 885 6
4257 3867 885 6
4241 3507 883 6
4249 3507 883 6
4257 3507 883 6
4241 3515 883 6
4249 3515 883 6
4257 3515 883 6
4241 3843 883 6
4249 3843 883 6
4257 3843 883 6
4241 3851 883 6
4249 3851 883 6
4257 3851 883 6
4241 3507 881 6
4249 3507 881 6
4257 3507 881 6
4241 3515 881 6
4249 3515 881 6
4257 3515 881 6
4241 3851 881 6
4249 3851 881 6
4257 3851 881 6
4241 3507 879 6
4249 3507 879 6
4257 3507 879 6
4241 3515 879 6
4249 3515 879 6
4257 3515 879 6
4241 3835 879 6
4249 3835 879 6
4257 3835 879 6
4241 3843 879 6
4249 3843 879 6
4257 3843 879 6
4241 3851 879 6
4249 3851 879 6
4257 3851 879 6
4241 3491 877 6
4249 3491 877 6
4257 3491 877 6
4241 3499 877 6
4249 3499 877 6
4257 3499 877 6
4241 3507 877 6
4249 3507 877 6
4257 3507 877 6
4241 3515 877 6
4249 3515 877 6
4257 3515 877 6
4241 3835 877 6
4249 3835 877 6
4257 3835 877 6
4241 3843 877 6
4249 3843 877 6
4257 3843 877 6
4241 3851 877 6
4249 3851 877 6
4257 3851 877 6
4241 3491 875 6
4249 3491 875 6
4257 3491 875 6
4241 3499 875 6
4249 3499 875 6
4257 3499 875 6
4241 3507 875 6
4249 3507 875 6
4257 3507 875 6
4241 3835 875 6
4249 3835 875 6
4257 3835 875 6
4241 3843 875 6
4249 3843 875 6
4257 3843 875 6
4241 3851 875 6
4249 3851 875 6
4257 3851 875 6
4241 3491 873 6
4249 3491 873 6
4257 3491 873 6
4241 3499 873 6
4249 3499 873 6
4257 3499 873 6
4241 3507 873 6
4249 3507 873 6
4257 3507 873 6
4241 3835 873 6
4249 3835 873 6
4257 3835 873 6
4241 3843 873 6
4249 3843 873 6
4257 3843 873 6
4241 3851 873 6
4249 3851 873 6
4257 3851 873 6
4241 3859 873 6
4249 3859 873 6
4257 3859 873 6
4241 3491 871 6
4249 3491 871 6
4257 3491 871 6
4241 3499 871 6
4249 3499 871 6
4257 3499 871 6
4241 3507 871 6
4249 3507 871 6
4257 3507 871 6
4241 3835 871 6
4249 3835 871 6
4257 3835 871 6
4241 3843 871 6
4249 3843 871 6
4257 3843 871 6
4241 3851 871 6
4249 3851 871 6
4257 3851 871 6
4241 3859 871 6
4249 3859 871 6
4257 3859 871 6
4241 5251 871 6
4249 5251 871 6
4257 5251 871 6
4241 5259 871 6
4249 5259 871 6
4257 5259 871 6
4241 3835 869 6
4249 3835 869 6
4257 3835 869 6
4241 3843 869 6
4249 3843 869 6
4257 3843 869 6
4241 3851 869 6
4249 3851 869 6
4257 3851 869 6
4241 5235 869 6
4249 5235 869 6
4257 5235 869 6
4241 5243 869 6
4249 5243 869 6
4257 5243 869 6
4241 5251 869 6
4249 5251 869 6
4257 5251 869 6
4241 5259 869 6
4249 5259 869 6
4257 5259 869 6
4241 3827 867 6
4249 3827 867 6
4257 3827 867 6
4241 3835 867 6
4249 3835 867 6
4257 3835 867 6
4241 3843 867 6
4249 3843 867 6
4257 3843 867 6
4241 3851 867 6
4249 3851 867 6
4257 3851 867 6
4241 5235 867 6
4249 5235 867 6
4257 5235 867 6
4241 5243 867 6
4249 5243 867 6
4257 5243 867 6
4241 5251 867 6
4249 5251 867 6
4257 5251 867 6
4241 3827 865 6
4249 3827 865 6
4257 3827 865 6
4241 3835 865 6
4249 3835 865 6
4257 3835 865 6
4241 3843 865 6
4249 3843 865 6
4257 3843 865 6
4241 5139 865 6
4249 5139 865 6
4257 5139 865 6
4241 5147 865 6
4249 5147 865 6
4257 5147 865 6
4241 5235 865 6
4249 5235 865 6
4257 5235 865 6
4241 5243 865 6
4249 5243 865 6
4257 5243 865 6
4241 5251 865 6
4249 5251 865 6
4257 5251 865 6
4241 3507 863 6
4249 3507 863 6
4257 3507 863 6
4241 3515 863 6
4249 3515 863 6
4257 3515 863 6
4241 3523 863 6
4249 3523 863 6
4257 3523 863 6
4241 3827 863 6
4249 3827 863 6
4257 3827 863 6
4241 3835 863 6
4249 3835 863 6
4257 3835 863 6
4241 3843 863 6
4249 3843 863 6
4257 3843 863 6
4241 5139 863 6
4249 5139 863 6
4257 5139 863 6
4241 5147 863 6
4249 5147 863 6
4257 5147 863 6
4241 5235 863 6
4249 5235 863 6
4257 5235 863 6
4241 5243 863 6
4249 5243 863 6
4257 5243 863 6
4241 5251 863 6
4249 5251 863 6
4257 5251 863 6
4241 5259 863 6
4249 5259 863 6
4257 5259 863 6
4241 3507 861 6
4249 3507 861 6
4257 3507 861 6
4241 3515 861 6
4249 3515 861 6
4257 3515 861 6
4241 3523 861 6
4249 3523 861 6
4257 3523 861 6
4241 3835 861 6
4249 3835 861 6
4257 3835 861 6
4241 3843 861 6
4249 3843 861 6
4257 3843 861 6
4241 5139 861 6
4249 5139 861 6
4257 5139 861 6
4241 5147 861 6
4249 5147 861 6
4257 5147 861 6
4241 5235 861 6
4249 5235 861 6
4257 5235 861 6
4241 5243 861 6
4249 5243 861 6
4257 5243 861 6
4241 5251 861 6
4249 5251 861 6
4257 5251 861 6
4241 5259 861 6
4249 5259 861 6
4257 5259 861 6
4241 3835 859 6
4249 3835 859 6
4257 3835 859 6
4241 3843 859 6
4249 3843 859 6
4257 3843 859 6
4241 5139 859 6
4249 5139 859 6
4257 5139 859 6
4241 5147 859 6
4249 5147 859 6
4257 5147 859 6
4241 5235 859 6
4249 5235 859 6
4257 5235 859 6
4241 5243 859 6
4249 5243 859 6
4257 5243 859 6
4241 5251 859 6
4249 5251 859 6
4257 5251 859 6
4241 5259 859 6
4249 5259 859 6
4257 5259 859 6
4241 3507 857 6
4249 3507 857 6
4257 3507 857 6
4241 3515 857 6
4249 3515 857 6
4257 3515 857 6
4241 3523 857 6
4249 3523 857 6
4257 3523 857 6
4241 3835 857 6
4249 3835 857 6
4257 3835 857 6
4241 3843 857 6
4249 3843 857 6
4257 3843 857 6
4241 5139 857 6
4249 5139 857 6
4257 5139 857 6
4241 5147 857 6
4249 5147 857 6
4257 5147 857 6
4241 5235 857 6
4249 5235 857 6
4257 5235 857 6
4241 5243 857 6
4249 5243 857 6
4257 5243 857 6
4241 5251 857 6
4249 5251 857 6
4257 5251 857 6
4241 5259 857 6
4249 5259 857 6
4257 5259 857 6
4241 3507 855 6
4249 3507 855 6
4257 3507 855 6
4241 3515 855 6
4249 3515 855 6
4257 3515 855 6
4241 3523 855 6
4249 3523 855 6
4257 3523 855 6
4241 3835 855 6
4249 3835 855 6
4257 3835 855 6
4241 3843 855 6
4249 3843 855 6
4257 3843 855 6
4241 5139 855 6
4249 5139 855 6
4257 5139 855 6
4241 5147 855 6
4249 5147 855 6
4257 5147 855 6
4241 5235 855 6
4249 5235 855 6
4257 5235 855 6
4241 5243 855 6
4249 5243 855 6
4257 5243 855 6
4241 5251 855 6
4249 5251 855 6
4257 5251 855 6
4241 3507 853 6
4249 3507 853 6
4257 3507 853 6
4241 3515 853 6
4249 3515 853 6
4257 3515 853 6
4241 3523 853 6
4249 3523 853 6
4257 3523 853 6
4241 3835 853 6
4249 3835 853 6
4257 3835 853 6
4241 3843 853 6
4249 3843 853 6
4257 3843 853 6
4241 5139 853 6
4249 5139 853 6
4257 5139 853 6
4241 5147 853 6
4249 5147 853 6
4257 5147 853 6
4241 5235 853 6
4249 5235 853 6
4257 5235 853 6
4241 5243 853 6
4249 5243 853 6
4257 5243 853 6
4241 5251 853 6
4249 5251 853 6
4257 5251 853 6
4241 3507 851 6
4249 3507 851 6
4257 3507 851 6
4241 3515 851 6
4249 3515 851 6
4257 3515 851 6
4241 3523 851 6
4249 3523 851 6
4257 3523 851 6
4241 3819 851 6
4249 3819 851 6
4257 3819 851 6
4241 3827 851 6
4249 3827 851 6
4257 3827 851 6
4241 3835 851 6
4249 3835 851 6
4257 3835 851 6
4241 5123 851 6
4249 5123 851 6
4257 5123 851 6
4241 5131 851 6
4249 5131 851 6
4257 5131 851 6
4241 5139 851 6
4249 5139 851 6
4257 5139 851 6
4241 5235 851 6
4249 5235 851 6
4257 5235 851 6
4241 5243 851 6
4249 5243 851 6
4257 5243 851 6
4241 5251 851 6
4249 5251 851 6
4257 5251 851 6
4241 3507 849 6
4249 3507 849 6
4257 3507 849 6
4241 3515 849 6
4249 3515 849 6
4257 3515 849 6
4241 3523 849 6
4249 3523 849 6
4257 3523 849 6
4241 3531 849 6
4249 3531 849 6
4257 3531 849 6
4241 3819 849 6
4249 3819 849 6
4257 3819 849 6
4241 3827 849 6
4249 3827 849 6
4257 3827 849 6
4241 3835 849 6
4249 3835 849 6
4257 3835 849 6
4241 3843 849 6
4249 3843 849 6
4257 3843 849 6
4241 5235 849 6
4249 5235 849 6
4257 5235 849 6
4241 5243 849 6
4249 5243 849 6
4257 5243 849 6
4241 5251 849 6
4249 5251 849 6
4257 5251 849 6
4241 3507 847 6
4249 3507 847 6
4257 3507 847 6
4241 3515 847 6
4249 3515 847 6
4257 3515 847 6
4241 3523 847 6
4249 3523 847 6
4257 3523 847 6
4241 3531 847 6
4249 3531 847 6
4257 3531 847 6
4241 3819 847 6
4249 3819 847 6
4257 3819 847 6
4241 3827 847 6
4249 3827 847 6
4257 3827 847 6
4241 3835 847 6
4249 3835 847 6
4257 3835 847 6
4241 3843 847 6
4249 3843 847 6
4257 3843 847 6
4241 3819 845 6
4249 3819 845 6
4257 3819 845 6
4241 3827 845 6
4249 3827 845 6
4257 3827 845 6
4241 3835 845 6
4249 3835 845 6
4257 3835 845 6
4241 3843 845 6
4249 3843 845 6
4257 3843 845 6
4241 3507 843 6
4249 3507 843 6
4257 3507 843 6
4241 3515 843 6
4249 3515 843 6
4257 3515 843 6
4241 3523 843 6
4249 3523 843 6
4257 3523 843 6
4241 3531 843 6
4249 3531 843 6
4257 3531 843 6
4241 3811 843 6
4249 3811 843 6
4257 3811 843 6
4241 3819 843 6
4249 3819 843 6
4257 3819 843 6
4241 3827 843 6
4249 3827 843 6
4257 3827 843 6
4241 3835 843 6
4249 3835 843 6
4257 3835 843 6
4241 3843 843 6
4249 3843 843 6
4257 3843 843 6
4241 3507 841 6
4249 3507 841 6
4257 3507 841 6
4241 3515 841 6
4249 3515 841 6
4257 3515 841 6
4241 3523 841 6
4249 3523 841 6
4257 3523 841 6
4241 3811 841 6
4249 3811 841 6
4257 3811 841 6
4241 3819 841 6
4249 3819 841 6
4257 3819 841 6
4241 3827 841 6
4249 3827 841 6
4257 3827 841 6
4241 3835 841 6
4249 3835 841 6
4257 3835 841 6
4241 3843 841 6
4249 3843 841 6
4257 3843 841 6
4241 3811 839 6
4249 3811 839 6
4257 3811 839 6
4241 3819 839 6
4249 3819 839 6
4257 3819 839 6
4241 3827 839 6
4249 3827 839 6
4257 3827 839 6
4241 3835 839 6
4249 3835 839 6
4257 3835 839 6
4241 3811 837 6
4249 3811 837 6
4257 3811 837 6
4241 3819 837 6
4249 3819 837 6
4257 3819 837 6
4241 3827 837 6
4249 3827 837 6
4257 3827 837 6
4241 3835 837 6
4249 3835 837 6
4257 3835 837 6
4241 3819 835 6
4249 3819 835 6
4257 3819 835 6
4241 3827 835 6
4249 3827 835 6
4257 3827 835 6
4241 3835 835 6
4249 3835 835 6
4257 3835 835 6
4241 3819 833 6
4249 3819 833 6
4257 3819 833 6
4241 3827 833 6
4249 3827 833 6
4257 3827 833 6
4241 3835 833 6
4249 3835 833 6
4257 3835 833 6
4241 3827 831 6
4249 3827 831 6
4257 3827 831 6
4241 3835 831 6
4249 3835 831 6
4257 3835 831 6
4241 3827 829 6
4249 3827 829 6
4257 3827 829 6
4241 3835 829 6
4249 3835 829 6
4257 3835 829 6
4241 3827 823 6
4249 3827 823 6
4257 3827 823 6
4241 3835 823 6
4249 3835 823 6
4257 3835 823 6
4241 3811 821 6
4249 3811 821 6
4257 3811 821 6
4241 3819 821 6
4249 3819 821 6
4257 3819 821 6
4241 3827 821 6
4249 3827 821 6
4257 3827 821 6
4241 3835 821 6
4249 3835 821 6
4257 3835 821 6
4241 3811 819 6
4249 3811 819 6
4257 3811 819 6
4241 3819 819 6
4249 3819 819 6
4257 3819 819 6
4241 3811 815 6
4249 3811 815 6
4257 3811 815 6
4241 3819 815 6
4249 3819 815 6
4257 3819 815 6
4241 3827 815 6
4249 3827 815 6
4257 3827 815 6
4241 3811 813 6
4249 3811 813 6
4257 3811 813 6
4241 3819 813 6
4249 3819 813 6
4257 3819 813 6
4241 3827 813 6
4249 3827 813 6
4257 3827 813 6
4241 3531 811 6
4249 3531 811 6
4257 3531 811 6
4241 3539 811 6
4249 3539 811 6
4257 3539 811 6
4241 3547 811 6
4249 3547 811 6
4257 3547 811 6
4241 3531 809 6
4249 3531 809 6
4257 3531 809 6
4241 3539 809 6
4249 3539 809 6
4257 3539 809 6
4241 3547 809 6
4249 3547 809 6
4257 3547 809 6
4241 3523 807 6
4249 3523 807 6
4257 3523 807 6
4241 3531 807 6
4249 3531 807 6
4257 3531 807 6
4241 3539 807 6
4249 3539 807 6
4257 3539 807 6
4241 3547 807 6
4249 3547 807 6
4257 3547 807 6
4241 3811 807 6
4249 3811 807 6
4257 3811 807 6
4241 3819 807 6
4249 3819 807 6
4257 3819 807 6
4241 3523 805 6
4249 3523 805 6
4257 3523 805 6
4241 3531 805 6
4249 3531 805 6
4257 3531 805 6
4241 3539 805 6
4249 3539 805 6
4257 3539 805 6
4241 3547 805 6
4249 3547 805 6
4257 3547 805 6
4241 3811 805 6
4249 3811 805 6
4257 3811 805 6
4241 3819 805 6
4249 3819 805 6
4257 3819 805 6
4241 3523 803 6
4249 3523 803 6
4257 3523 803 6
4241 3531 803 6
4249 3531 803 6
4257 3531 803 6
4241 3539 803 6
4249 3539 803 6
4257 3539 803 6
4241 3547 803 6
4249 3547 803 6
4257 3547 803 6
4241 3811 803 6
4249 3811 803 6
4257 3811 803 6
4241 3819 803 6
4249 3819 803 6
4257 3819 803 6
4241 3523 801 6
4249 3523 801 6
4257 3523 801 6
4241 3531 801 6
4249 3531 801 6
4257 3531 801 6
4241 3539 801 6
4249 3539 801 6
4257 3539 801 6
4241 3547 801 6
4249 3547 801 6
4257 3547 801 6
4241 3811 801 6
4249 3811 801 6
4257 3811 801 6
4241 3819 801 6
4249 3819 801 6
4257 3819 801 6
4241 3523 799 6
4249 3523 799 6
4257 3523 799 6
4241 3531 799 6
4249 3531 799 6
4257 3531 799 6
4241 3539 799 6
4249 3539 799 6
4257 3539 799 6
4241 3547 799 6
4249 3547 799 6
4257 3547 799 6
4241 3811 799 6
4249 3811 799 6
4257 3811 799 6
4241 3819 799 6
4249 3819 799 6
4257 3819 799 6
4241 3531 797 6
4249 3531 797 6
4257 3531 797 6
4241 3539 797 6
4249 3539 797 6
4257 3539 797 6
4241 3547 797 6
4249 3547 797 6
4257 3547 797 6
4241 3811 797 6
4249 3811 797 6
4257 3811 797 6
4241 3531 795 6
4249 3531 795 6
4257 3531 795 6
4241 3539 795 6
4249 3539 795 6
4257 3539 795 6
4241 3811 795 6
4249 3811 795 6
4257 3811 795 6
4241 3531 793 6
4249 3531 793 6
4257 3531 793 6
4241 3539 793 6
4249 3539 793 6
4257 3539 793 6
4241 3811 793 6
4249 3811 793 6
4257 3811 793 6
4241 3811 791 6
4249 3811 791 6
4257 3811 791 6
4241 3795 789 6
4249 3795 789 6
4257 3795 789 6
4241 3803 789 6
4249 3803 789 6
4257 3803 789 6
4241 3811 789 6
4249 3811 789 6
4257 3811 789 6
4241 3795 787 6
4249 3795 787 6
4257 3795 787 6
4241 3803 787 6
4249 3803 787 6
4257 3803 787 6
4241 3811 787 6
4249 3811 787 6
4257 3811 787 6
4241 3795 785 6
4249 3795 785 6
4257 3795 785 6
4241 3803 785 6
4249 3803 785 6
4257 3803 785 6
4241 3811 785 6
4249 3811 785 6
4257 3811 785 6
