"IL" "XL" "T" "F"
4241 4803 777 4
4249 4803 777 4
4257 4803 777 4
4233 4811 777 4
4241 4811 777 4
4249 4811 777 4
4257 4811 777 4
4265 4811 777 4
4233 4819 777 4
4241 4819 777 4
4249 4819 777 4
4257 4819 777 4
4265 4819 777 4
4233 4827 777 4
4241 4827 777 4
4249 4827 777 4
4257 4827 777 4
4265 4827 777 4
4233 4835 777 4
4241 4835 777 4
4249 4835 777 4
4257 4835 777 4
4265 4835 777 4
4233 4843 777 4
4241 4843 777 4
4249 4843 777 4
4257 4843 777 4
4265 4843 777 4
4233 4851 777 4
4241 4851 777 4
4249 4851 777 4
4257 4851 777 4
4265 4851 777 4
4233 4859 777 4
4241 4859 777 4
4249 4859 777 4
4257 4859 777 4
4265 4859 777 4
4233 4867 777 4
4241 4867 777 4
4249 4867 777 4
4257 4867 777 4
4265 4867 777 4
4233 4875 777 4
4241 4875 777 4
4249 4875 777 4
4257 4875 777 4
4265 4875 777 4
4233 4883 777 4
4241 4883 777 4
4249 4883 777 4
4257 4883 777 4
4265 4883 777 4
4241 4891 777 4
4249 4891 777 4
4257 4891 777 4
4241 4795 773 4
4249 4795 773 4
4257 4795 773 4
4233 4803 773 4
4241 4803 773 4
4249 4803 773 4
4257 4803 773 4
4265 4803 773 4
4233 4811 773 4
4241 4811 773 4
4249 4811 773 4
4257 4811 773 4
4265 4811 773 4
4233 4819 773 4
4241 4819 773 4
4249 4819 773 4
4257 4819 773 4
4265 4819 773 4
4233 4827 773 4
4241 4827 773 4
4249 4827 773 4
4257 4827 773 4
4265 4827 773 4
4233 4835 773 4
4241 4835 773 4
4249 4835 773 4
4257 4835 773 4
4265 4835 773 4
4233 4843 773 4
4241 4843 773 4
4249 4843 773 4
4257 4843 773 4
4265 4843 773 4
4233 4851 773 4
4241 4851 773 4
4249 4851 773 4
4257 4851 773 4
4265 4851 773 4
4233 4859 773 4
4241 4859 773 4
4249 4859 773 4
4257 4859 773 4
4265 4859 773 4
4233 4867 773 4
4241 4867 773 4
4249 4867 773 4
4257 4867 773 4
4265 4867 773 4
4233 4875 773 4
4241 4875 773 4
4249 4875 773 4
4257 4875 773 4
4265 4875 773 4
4241 4883 773 4
4249 4883 773 4
4257 4883 773 4
4241 4811 771 4
4249 4811 771 4
4257 4811 771 4
4233 4819 771 4
4241 4819 771 4
4249 4819 771 4
4257 4819 771 4
4265 4819 771 4
4233 4827 771 4
4241 4827 771 4
4249 4827 771 4
4257 4827 771 4
4265 4827 771 4
4233 4835 771 4
4241 4835 771 4
4249 4835 771 4
4257 4835 771 4
4265 4835 771 4
4233 4843 771 4
4241 4843 771 4
4249 4843 771 4
4257 4843 771 4
4265 4843 771 4
4233 4851 771 4
4241 4851 771 4
4249 4851 771 4
4257 4851 771 4
4265 4851 771 4
4233 4859 771 4
4241 4859 771 4
4249 4859 771 4
4257 4859 771 4
4265 4859 771 4
4233 4867 771 4
4241 4867 771 4
4249 4867 771 4
4257 4867 771 4
4265 4867 771 4
4233 4875 771 4
4241 4875 771 4
4249 4875 771 4
4257 4875 771 4
4265 4875 771 4
4233 4883 771 4
4241 4883 771 4
4249 4883 771 4
4257 4883 771 4
4265 4883 771 4
4241 4891 771 4
4249 4891 771 4
4257 4891 771 4
4241 4835 769 4
4249 4835 769 4
4257 4835 769 4
4233 4843 769 4
4241 4843 769 4
4249 4843 769 4
4257 4843 769 4
4265 4843 769 4
4233 4851 769 4
4241 4851 769 4
4249 4851 769 4
4257 4851 769 4
4265 4851 769 4
4233 4859 769 4
4241 4859 769 4
4249 4859 769 4
4257 4859 769 4
4265 4859 769 4
4233 4867 769 4
4241 4867 769 4
4249 4867 769 4
4257 4867 769 4
4265 4867 769 4
4233 4875 769 4
4241 4875 769 4
4249 4875 769 4
4257 4875 769 4
4265 4875 769 4
4233 4883 769 4
4241 4883 769 4
4249 4883 769 4
4257 4883 769 4
4265 4883 769 4
4241 4891 769 4
4249 4891 769 4
4257 4891 769 4
4241 4195 755 4
4249 4195 755 4
4257 4195 755 4
4233 4203 755 4
4241 4203 755 4
4249 4203 755 4
4257 4203 755 4
4265 4203 755 4
4233 4211 755 4
4241 4211 755 4
4249 4211 755 4
4257 4211 755 4
4265 4211 755 4
4233 4219 755 4
4241 4219 755 4
4249 4219 755 4
4257 4219 755 4
4265 4219 755 4
4241 4123 753 4
4249 4123 753 4
4257 4123 753 4
4233 4131 753 4
4241 4131 753 4
4249 4131 753 4
4257 4131 753 4
4265 4131 753 4
4233 4139 753 4
4241 4139 753 4
4249 4139 753 4
4257 4139 753 4
4265 4139 753 4
4233 4147 753 4
4241 4147 753 4
4249 4147 753 4
4257 4147 753 4
4265 4147 753 4
4233 4155 753 4
4241 4155 753 4
4249 4155 753 4
4257 4155 753 4
4265 4155 753 4
4233 4163 753 4
4241 4163 753 4
4249 4163 753 4
4257 4163 753 4
4265 4163 753 4
4233 4171 753 4
4241 4171 753 4
4249 4171 753 4
4257 4171 753 4
4265 4171 753 4
4233 4179 753 4
4241 4179 753 4
4249 4179 753 4
4257 4179 753 4
4265 4179 753 4
4233 4187 753 4
4241 4187 753 4
4249 4187 753 4
4257 4187 753 4
4265 4187 753 4
4233 4195 753 4
4241 4195 753 4
4249 4195 753 4
4257 4195 753 4
4265 4195 753 4
4233 4203 753 4
4241 4203 753 4
4249 4203 753 4
4257 4203 753 4
4265 4203 753 4
4233 4211 753 4
4241 4211 753 4
4249 4211 753 4
4257 4211 753 4
4265 4211 753 4
4241 4219 753 4
4249 4219 753 4
4257 4219 753 4
4241 4131 751 4
4249 4131 751 4
4257 4131 751 4
4233 4139 751 4
4241 4139 751 4
4249 4139 751 4
4257 4139 751 4
4265 4139 751 4
4233 4147 751 4
4241 4147 751 4
4249 4147 751 4
4257 4147 751 4
4265 4147 751 4
4233 4155 751 4
4241 4155 751 4
4249 4155 751 4
4257 4155 751 4
4265 4155 751 4
4233 4163 751 4
4241 4163 751 4
4249 4163 751 4
4257 4163 751 4
4265 4163 751 4
4233 4171 751 4
4241 4171 751 4
4249 4171 751 4
4257 4171 751 4
4265 4171 751 4
4233 4179 751 4
4241 4179 751 4
4249 4179 751 4
4257 4179 751 4
4265 4179 751 4
4233 4187 751 4
4241 4187 751 4
4249 4187 751 4
4257 4187 751 4
4265 4187 751 4
4233 4195 751 4
4241 4195 751 4
4249 4195 751 4
4257 4195 751 4
4265 4195 751 4
4233 4203 751 4
4241 4203 751 4
4249 4203 751 4
4257 4203 751 4
4265 4203 751 4
4241 4211 751 4
4249 4211 751 4
4257 4211 751 4
4241 4123 749 4
4249 4123 749 4
4257 4123 749 4
4233 4131 749 4
4241 4131 749 4
4249 4131 749 4
4257 4131 749 4
4265 4131 749 4
4233 4139 749 4
4241 4139 749 4
4249 4139 749 4
4257 4139 749 4
4265 4139 749 4
4233 4147 749 4
4241 4147 749 4
4249 4147 749 4
4257 4147 749 4
4265 4147 749 4
4241 4155 749 4
4249 4155 749 4
4257 4155 749 4
4241 4179 749 4
4249 4179 749 4
4257 4179 749 4
4233 4187 749 4
4241 4187 749 4
4249 4187 749 4
4257 4187 749 4
4265 4187 749 4
4233 4195 749 4
4241 4195 749 4
4249 4195 749 4
4257 4195 749 4
4265 4195 749 4
4233 4203 749 4
4241 4203 749 4
4249 4203 749 4
4257 4203 749 4
4265 4203 749 4
4233 4211 749 4
4241 4211 749 4
4249 4211 749 4
4257 4211 749 4
4265 4211 749 4
4233 4219 749 4
4265 4219 749 4
