"IL" "XL" "T" "F"
4241 4395 979 5
4249 4395 979 5
4257 4395 979 5
4241 4403 979 5
4249 4403 979 5
4257 4403 979 5
4241 4411 979 5
4249 4411 979 5
4257 4411 979 5
4241 4395 977 5
4249 4395 977 5
4257 4395 977 5
4241 4403 977 5
4249 4403 977 5
4257 4403 977 5
4241 4411 977 5
4249 4411 977 5
4257 4411 977 5
4241 3203 975 5
4249 3203 975 5
4257 3203 975 5
4241 3211 975 5
4249 3211 975 5
4257 3211 975 5
4241 3203 973 5
4249 3203 973 5
4257 3203 973 5
4241 3211 973 5
4249 3211 973 5
4257 3211 973 5
4241 4395 973 5
4249 4395 973 5
4257 4395 973 5
4241 4403 973 5
4249 4403 973 5
4257 4403 973 5
4241 4411 973 5
4249 4411 973 5
4257 4411 973 5
4241 4395 971 5
4249 4395 971 5
4257 4395 971 5
4241 4403 971 5
4249 4403 971 5
4257 4403 971 5
4241 4411 971 5
4249 4411 971 5
4257 4411 971 5
4241 3203 967 5
4249 3203 967 5
4257 3203 967 5
4241 3211 967 5
4249 3211 967 5
4257 3211 967 5
4241 3203 965 5
4249 3203 965 5
4257 3203 965 5
4241 3211 965 5
4249 3211 965 5
4257 3211 965 5
4241 4395 965 5
4249 4395 965 5
4257 4395 965 5
4241 4403 965 5
4249 4403 965 5
4257 4403 965 5
4241 3203 963 5
4249 3203 963 5
4257 3203 963 5
4241 3211 963 5
4249 3211 963 5
4257 3211 963 5
4241 3219 963 5
4249 3219 963 5
4257 3219 963 5
4241 3227 963 5
4249 3227 963 5
4257 3227 963 5
4241 4395 963 5
4249 4395 963 5
4257 4395 963 5
4241 4403 963 5
4249 4403 963 5
4257 4403 963 5
4241 3203 961 5
4249 3203 961 5
4257 3203 961 5
4241 3211 961 5
4249 3211 961 5
4257 3211 961 5
4241 3219 961 5
4249 3219 961 5
4257 3219 961 5
4241 3227 961 5
4249 3227 961 5
4257 3227 961 5
4241 4387 959 5
4249 4387 959 5
4257 4387 959 5
4241 4395 959 5
4249 4395 959 5
4257 4395 959 5
4241 3203 957 5
4249 3203 957 5
4257 3203 957 5
4241 3211 957 5
4249 3211 957 5
4257 3211 957 5
4241 3219 957 5
4249 3219 957 5
4257 3219 957 5
4241 4387 957 5
4249 4387 957 5
4257 4387 957 5
4241 4395 957 5
4249 4395 957 5
4257 4395 957 5
4241 3203 955 5
4249 3203 955 5
4257 3203 955 5
4241 3211 955 5
4249 3211 955 5
4257 3211 955 5
4241 3219 955 5
4249 3219 955 5
4257 3219 955 5
4241 3211 951 5
4249 3211 951 5
4257 3211 951 5
4241 3219 951 5
4249 3219 951 5
4257 3219 951 5
4241 3227 951 5
4249 3227 951 5
4257 3227 951 5
4241 3211 949 5
4249 3211 949 5
4257 3211 949 5
4241 3219 949 5
4249 3219 949 5
4257 3219 949 5
4241 3227 949 5
4249 3227 949 5
4257 3227 949 5
4241 4387 949 5
4249 4387 949 5
4257 4387 949 5
4241 4395 949 5
4249 4395 949 5
4257 4395 949 5
4241 3219 947 5
4249 3219 947 5
4257 3219 947 5
4241 3227 947 5
4249 3227 947 5
4257 3227 947 5
4241 3235 947 5
4249 3235 947 5
4257 3235 947 5
4241 4387 947 5
4249 4387 947 5
4257 4387 947 5
4241 4395 947 5
4249 4395 947 5
4257 4395 947 5
4241 4403 947 5
4249 4403 947 5
4257 4403 947 5
4241 3219 945 5
4249 3219 945 5
4257 3219 945 5
4241 3227 945 5
4249 3227 945 5
4257 3227 945 5
4241 3235 945 5
4249 3235 945 5
4257 3235 945 5
4241 3219 943 5
4249 3219 943 5
4257 3219 943 5
4241 3227 943 5
4249 3227 943 5
4257 3227 943 5
4241 3235 943 5
4249 3235 943 5
4257 3235 943 5
4241 4395 943 5
4249 4395 943 5
4257 4395 943 5
4241 4403 943 5
4249 4403 943 5
4257 4403 943 5
4241 4411 943 5
4249 4411 943 5
4257 4411 943 5
4241 3227 941 5
4249 3227 941 5
4257 3227 941 5
4241 3235 941 5
4249 3235 941 5
4257 3235 941 5
4241 4395 941 5
4249 4395 941 5
4257 4395 941 5
4241 4403 941 5
4249 4403 941 5
4257 4403 941 5
4241 4411 941 5
4249 4411 941 5
4257 4411 941 5
4241 3227 939 5
4249 3227 939 5
4257 3227 939 5
4241 3235 939 5
4249 3235 939 5
4257 3235 939 5
4241 3227 937 5
4249 3227 937 5
4257 3227 937 5
4241 3235 937 5
4249 3235 937 5
4257 3235 937 5
4241 3227 935 5
4249 3227 935 5
4257 3227 935 5
4241 3235 935 5
4249 3235 935 5
4257 3235 935 5
4241 3243 935 5
4249 3243 935 5
4257 3243 935 5
4241 3227 933 5
4249 3227 933 5
4257 3227 933 5
4241 3235 933 5
4249 3235 933 5
4257 3235 933 5
4241 3243 933 5
4249 3243 933 5
4257 3243 933 5
4241 4395 933 5
4249 4395 933 5
4257 4395 933 5
4241 4403 933 5
4249 4403 933 5
4257 4403 933 5
4241 4411 933 5
4249 4411 933 5
4257 4411 933 5
4241 3219 931 5
4249 3219 931 5
4257 3219 931 5
4241 3227 931 5
4249 3227 931 5
4257 3227 931 5
4241 3235 931 5
4249 3235 931 5
4257 3235 931 5
4241 4395 931 5
4249 4395 931 5
4257 4395 931 5
4241 4403 931 5
4249 4403 931 5
4257 4403 931 5
4241 4411 931 5
4249 4411 931 5
4257 4411 931 5
4241 3219 929 5
4249 3219 929 5
4257 3219 929 5
4241 3227 929 5
4249 3227 929 5
4257 3227 929 5
4241 3235 929 5
4249 3235 929 5
4257 3235 929 5
4241 3243 929 5
4249 3243 929 5
4257 3243 929 5
4241 3251 929 5
4249 3251 929 5
4257 3251 929 5
4241 4395 929 5
4249 4395 929 5
4257 4395 929 5
4241 4403 929 5
4249 4403 929 5
4257 4403 929 5
4241 4411 929 5
4249 4411 929 5
4257 4411 929 5
4241 3219 927 5
4249 3219 927 5
4257 3219 927 5
4241 3227 927 5
4249 3227 927 5
4257 3227 927 5
4241 3235 927 5
4249 3235 927 5
4257 3235 927 5
4241 3243 927 5
4249 3243 927 5
4257 3243 927 5
4241 3251 927 5
4249 3251 927 5
4257 3251 927 5
4241 4395 927 5
4249 4395 927 5
4257 4395 927 5
4241 4403 927 5
4249 4403 927 5
4257 4403 927 5
4241 4411 927 5
4249 4411 927 5
4257 4411 927 5
4241 4395 925 5
4249 4395 925 5
4257 4395 925 5
4241 4403 925 5
4249 4403 925 5
4257 4403 925 5
4241 4411 925 5
4249 4411 925 5
4257 4411 925 5
4241 4995 925 5
4249 4995 925 5
4257 4995 925 5
4241 5003 925 5
4249 5003 925 5
4257 5003 925 5
4241 5011 925 5
4249 5011 925 5
4257 5011 925 5
4241 3219 923 5
4249 3219 923 5
4257 3219 923 5
4241 3227 923 5
4249 3227 923 5
4257 3227 923 5
4241 3235 923 5
4249 3235 923 5
4257 3235 923 5
4241 4995 923 5
4249 4995 923 5
4257 4995 923 5
4241 5003 923 5
4249 5003 923 5
4257 5003 923 5
4241 5011 923 5
4249 5011 923 5
4257 5011 923 5
4241 3219 921 5
4249 3219 921 5
4257 3219 921 5
4241 3227 921 5
4249 3227 921 5
4257 3227 921 5
4241 3235 921 5
4249 3235 921 5
4257 3235 921 5
4241 4387 921 5
4249 4387 921 5
4257 4387 921 5
4241 4395 921 5
4249 4395 921 5
4257 4395 921 5
4241 4403 921 5
4249 4403 921 5
4257 4403 921 5
4241 4411 921 5
4249 4411 921 5
4257 4411 921 5
4241 3219 919 5
4249 3219 919 5
4257 3219 919 5
4241 3227 919 5
4249 3227 919 5
4257 3227 919 5
4241 4387 919 5
4249 4387 919 5
4257 4387 919 5
4241 4395 919 5
4249 4395 919 5
4257 4395 919 5
4241 4403 919 5
4249 4403 919 5
4257 4403 919 5
4241 4411 919 5
4249 4411 919 5
4257 4411 919 5
4241 4419 919 5
4249 4419 919 5
4257 4419 919 5
4241 4995 919 5
4249 4995 919 5
4257 4995 919 5
4241 5003 919 5
4249 5003 919 5
4257 5003 919 5
4241 5011 919 5
4249 5011 919 5
4257 5011 919 5
4241 4395 917 5
4249 4395 917 5
4257 4395 917 5
4241 4403 917 5
4249 4403 917 5
4257 4403 917 5
4241 4411 917 5
4249 4411 917 5
4257 4411 917 5
4241 4419 917 5
4249 4419 917 5
4257 4419 917 5
4241 4995 917 5
4249 4995 917 5
4257 4995 917 5
4241 5003 917 5
4249 5003 917 5
4257 5003 917 5
4241 5011 917 5
4249 5011 917 5
4257 5011 917 5
4241 3227 915 5
4249 3227 915 5
4257 3227 915 5
4241 4395 915 5
4249 4395 915 5
4257 4395 915 5
4241 4403 915 5
4249 4403 915 5
4257 4403 915 5
4241 4411 915 5
4249 4411 915 5
4257 4411 915 5
4241 3227 913 5
4249 3227 913 5
4257 3227 913 5
4241 3227 911 5
4249 3227 911 5
4257 3227 911 5
4241 4395 911 5
4249 4395 911 5
4257 4395 911 5
4241 4403 911 5
4249 4403 911 5
4257 4403 911 5
4241 4411 911 5
4249 4411 911 5
4257 4411 911 5
4241 4995 911 5
4249 4995 911 5
4257 4995 911 5
4241 5003 911 5
4249 5003 911 5
4257 5003 911 5
4241 5011 911 5
4249 5011 911 5
4257 5011 911 5
4241 3227 909 5
4249 3227 909 5
4257 3227 909 5
4241 4379 909 5
4249 4379 909 5
4257 4379 909 5
4241 4387 909 5
4249 4387 909 5
4257 4387 909 5
4241 4395 909 5
4249 4395 909 5
4257 4395 909 5
4241 4403 909 5
4249 4403 909 5
4257 4403 909 5
4241 4995 909 5
4249 4995 909 5
4257 4995 909 5
4241 5003 909 5
4249 5003 909 5
4257 5003 909 5
4241 5011 909 5
4249 5011 909 5
4257 5011 909 5
4241 4379 907 5
4249 4379 907 5
4257 4379 907 5
4241 4387 907 5
4249 4387 907 5
4257 4387 907 5
4241 4395 907 5
4249 4395 907 5
4257 4395 907 5
4241 3227 905 5
4249 3227 905 5
4257 3227 905 5
4241 3235 905 5
4249 3235 905 5
4257 3235 905 5
4241 4379 905 5
4249 4379 905 5
4257 4379 905 5
4241 4387 905 5
4249 4387 905 5
4257 4387 905 5
4241 4395 905 5
4249 4395 905 5
4257 4395 905 5
4241 3219 903 5
4249 3219 903 5
4257 3219 903 5
4241 3227 903 5
4249 3227 903 5
4257 3227 903 5
4241 3235 903 5
4249 3235 903 5
4257 3235 903 5
4241 4379 903 5
4249 4379 903 5
4257 4379 903 5
4241 4387 903 5
4249 4387 903 5
4257 4387 903 5
4241 4395 903 5
4249 4395 903 5
4257 4395 903 5
4241 3219 901 5
4249 3219 901 5
4257 3219 901 5
4241 3227 901 5
4249 3227 901 5
4257 3227 901 5
4241 3235 901 5
4249 3235 901 5
4257 3235 901 5
4241 3243 901 5
4249 3243 901 5
4257 3243 901 5
4241 4379 901 5
4249 4379 901 5
4257 4379 901 5
4241 4387 901 5
4249 4387 901 5
4257 4387 901 5
4241 4395 901 5
4249 4395 901 5
4257 4395 901 5
4241 4987 901 5
4249 4987 901 5
4257 4987 901 5
4241 4995 901 5
4249 4995 901 5
4257 4995 901 5
4241 5003 901 5
4249 5003 901 5
4257 5003 901 5
4241 5011 901 5
4249 5011 901 5
4257 5011 901 5
4241 5019 901 5
4249 5019 901 5
4257 5019 901 5
4241 3227 899 5
4249 3227 899 5
4257 3227 899 5
4241 3235 899 5
4249 3235 899 5
4257 3235 899 5
4241 3243 899 5
4249 3243 899 5
4257 3243 899 5
4241 3251 899 5
4249 3251 899 5
4257 3251 899 5
4241 4379 899 5
4249 4379 899 5
4257 4379 899 5
4241 4387 899 5
4249 4387 899 5
4257 4387 899 5
4241 4395 899 5
4249 4395 899 5
4257 4395 899 5
4241 4987 899 5
4249 4987 899 5
4257 4987 899 5
4241 4995 899 5
4249 4995 899 5
4257 4995 899 5
4241 5003 899 5
4249 5003 899 5
4257 5003 899 5
4241 5011 899 5
4249 5011 899 5
4257 5011 899 5
4241 5019 899 5
4249 5019 899 5
4257 5019 899 5
4241 3235 897 5
4249 3235 897 5
4257 3235 897 5
4241 3243 897 5
4249 3243 897 5
4257 3243 897 5
4241 3251 897 5
4249 3251 897 5
4257 3251 897 5
4241 4379 897 5
4249 4379 897 5
4257 4379 897 5
4241 4387 897 5
4249 4387 897 5
4257 4387 897 5
4241 4395 897 5
4249 4395 897 5
4257 4395 897 5
4241 4995 897 5
4249 4995 897 5
4257 4995 897 5
4241 5003 897 5
4249 5003 897 5
4257 5003 897 5
4241 5011 897 5
4249 5011 897 5
4257 5011 897 5
4241 3227 895 5
4249 3227 895 5
4257 3227 895 5
4241 3235 895 5
4249 3235 895 5
4257 3235 895 5
4241 3243 895 5
4249 3243 895 5
4257 3243 895 5
4241 4371 895 5
4249 4371 895 5
4257 4371 895 5
4241 4379 895 5
4249 4379 895 5
4257 4379 895 5
4241 4387 895 5
4249 4387 895 5
4257 4387 895 5
4241 4995 895 5
4249 4995 895 5
4257 4995 895 5
4241 5003 895 5
4249 5003 895 5
4257 5003 895 5
4241 5011 895 5
4249 5011 895 5
4257 5011 895 5
4241 3227 893 5
4249 3227 893 5
4257 3227 893 5
4241 3235 893 5
4249 3235 893 5
4257 3235 893 5
4241 3243 893 5
4249 3243 893 5
4257 3243 893 5
4241 4371 893 5
4249 4371 893 5
4257 4371 893 5
4241 4379 893 5
4249 4379 893 5
4257 4379 893 5
4241 4387 893 5
4249 4387 893 5
4257 4387 893 5
4241 3227 891 5
4249 3227 891 5
4257 3227 891 5
4241 3235 891 5
4249 3235 891 5
4257 3235 891 5
4241 3243 891 5
4249 3243 891 5
4257 3243 891 5
4241 4987 891 5
4249 4987 891 5
4257 4987 891 5
4241 4995 891 5
4249 4995 891 5
4257 4995 891 5
4241 5003 891 5
4249 5003 891 5
4257 5003 891 5
4241 3227 889 5
4249 3227 889 5
4257 3227 889 5
4241 3235 889 5
4249 3235 889 5
4257 3235 889 5
4241 3243 889 5
4249 3243 889 5
4257 3243 889 5
4241 4363 889 5
4249 4363 889 5
4257 4363 889 5
4241 4371 889 5
4249 4371 889 5
4257 4371 889 5
4241 4379 889 5
4249 4379 889 5
4257 4379 889 5
4241 4387 889 5
4249 4387 889 5
4257 4387 889 5
4241 4395 889 5
4249 4395 889 5
4257 4395 889 5
4241 4987 889 5
4249 4987 889 5
4257 4987 889 5
4241 4995 889 5
4249 4995 889 5
4257 4995 889 5
4241 5003 889 5
4249 5003 889 5
4257 5003 889 5
4241 5011 889 5
4249 5011 889 5
4257 5011 889 5
4241 3235 887 5
4249 3235 887 5
4257 3235 887 5
4241 3243 887 5
4249 3243 887 5
4257 3243 887 5
4241 3251 887 5
4249 3251 887 5
4257 3251 887 5
4241 4363 887 5
4249 4363 887 5
4257 4363 887 5
4241 4371 887 5
4249 4371 887 5
4257 4371 887 5
4241 4379 887 5
4249 4379 887 5
4257 4379 887 5
4241 4387 887 5
4249 4387 887 5
4257 4387 887 5
4241 4395 887 5
4249 4395 887 5
4257 4395 887 5
4241 4995 887 5
4249 4995 887 5
4257 4995 887 5
4241 5003 887 5
4249 5003 887 5
4257 5003 887 5
4241 5011 887 5
4249 5011 887 5
4257 5011 887 5
4241 3235 885 5
4249 3235 885 5
4257 3235 885 5
4241 3243 885 5
4249 3243 885 5
4257 3243 885 5
4241 3251 885 5
4249 3251 885 5
4257 3251 885 5
4241 4379 885 5
4249 4379 885 5
4257 4379 885 5
4241 4387 885 5
4249 4387 885 5
4257 4387 885 5
4241 4395 885 5
4249 4395 885 5
4257 4395 885 5
4241 4987 885 5
4249 4987 885 5
4257 4987 885 5
4241 4995 885 5
4249 4995 885 5
4257 4995 885 5
4241 5003 885 5
4249 5003 885 5
4257 5003 885 5
4241 5011 885 5
4249 5011 885 5
4257 5011 885 5
4241 3235 883 5
4249 3235 883 5
4257 3235 883 5
4241 3243 883 5
4249 3243 883 5
4257 3243 883 5
4241 3251 883 5
4249 3251 883 5
4257 3251 883 5
4241 4379 883 5
4249 4379 883 5
4257 4379 883 5
4241 4387 883 5
4249 4387 883 5
4257 4387 883 5
4241 4395 883 5
4249 4395 883 5
4257 4395 883 5
4241 4987 883 5
4249 4987 883 5
4257 4987 883 5
4241 4995 883 5
4249 4995 883 5
4257 4995 883 5
4241 5003 883 5
4249 5003 883 5
4257 5003 883 5
4241 3235 881 5
4249 3235 881 5
4257 3235 881 5
4241 3243 881 5
4249 3243 881 5
4257 3243 881 5
4241 3251 881 5
4249 3251 881 5
4257 3251 881 5
4241 4243 881 5
4249 4243 881 5
4257 4243 881 5
4241 4251 881 5
4249 4251 881 5
4257 4251 881 5
4241 4363 881 5
4249 4363 881 5
4257 4363 881 5
4241 4371 881 5
4249 4371 881 5
4257 4371 881 5
4241 4379 881 5
4249 4379 881 5
4257 4379 881 5
4241 4387 881 5
4249 4387 881 5
4257 4387 881 5
4241 4395 881 5
4249 4395 881 5
4257 4395 881 5
4241 4987 881 5
4249 4987 881 5
4257 4987 881 5
4241 4995 881 5
4249 4995 881 5
4257 4995 881 5
4241 5003 881 5
4249 5003 881 5
4257 5003 881 5
4241 5011 881 5
4249 5011 881 5
4257 5011 881 5
4241 3235 879 5
4249 3235 879 5
4257 3235 879 5
4241 3243 879 5
4249 3243 879 5
4257 3243 879 5
4241 3251 879 5
4249 3251 879 5
4257 3251 879 5
4241 4235 879 5
4249 4235 879 5
4257 4235 879 5
4241 4243 879 5
4249 4243 879 5
4257 4243 879 5
4241 4251 879 5
4249 4251 879 5
4257 4251 879 5
4241 4363 879 5
4249 4363 879 5
4257 4363 879 5
4241 4371 879 5
4249 4371 879 5
4257 4371 879 5
4241 4379 879 5
4249 4379 879 5
4257 4379 879 5
4241 4387 879 5
4249 4387 879 5
4257 4387 879 5
4241 4395 879 5
4249 4395 879 5
4257 4395 879 5
4241 4995 879 5
4249 4995 879 5
4257 4995 879 5
4241 5003 879 5
4249 5003 879 5
4257 5003 879 5
4241 5011 879 5
4249 5011 879 5
4257 5011 879 5
4241 3235 877 5
4249 3235 877 5
4257 3235 877 5
4241 3243 877 5
4249 3243 877 5
4257 3243 877 5
4241 3251 877 5
4249 3251 877 5
4257 3251 877 5
4241 3259 877 5
4249 3259 877 5
4257 3259 877 5
4241 4235 877 5
4249 4235 877 5
4257 4235 877 5
4241 4243 877 5
4249 4243 877 5
4257 4243 877 5
4241 4251 877 5
4249 4251 877 5
4257 4251 877 5
4241 4987 877 5
4249 4987 877 5
4257 4987 877 5
4241 4995 877 5
4249 4995 877 5
4257 4995 877 5
4241 5003 877 5
4249 5003 877 5
4257 5003 877 5
4241 3235 875 5
4249 3235 875 5
4257 3235 875 5
4241 3243 875 5
4249 3243 875 5
4257 3243 875 5
4241 3251 875 5
4249 3251 875 5
4257 3251 875 5
4241 3259 875 5
4249 3259 875 5
4257 3259 875 5
4241 4227 875 5
4249 4227 875 5
4257 4227 875 5
4241 4235 875 5
4249 4235 875 5
4257 4235 875 5
4241 4243 875 5
4249 4243 875 5
4257 4243 875 5
4241 4251 875 5
4249 4251 875 5
4257 4251 875 5
4241 4371 875 5
4249 4371 875 5
4257 4371 875 5
4241 4379 875 5
4249 4379 875 5
4257 4379 875 5
4241 4387 875 5
4249 4387 875 5
4257 4387 875 5
4241 4395 875 5
4249 4395 875 5
4257 4395 875 5
4241 4987 875 5
4249 4987 875 5
4257 4987 875 5
4241 4995 875 5
4249 4995 875 5
4257 4995 875 5
4241 5003 875 5
4249 5003 875 5
4257 5003 875 5
4241 3235 873 5
4249 3235 873 5
4257 3235 873 5
4241 3243 873 5
4249 3243 873 5
4257 3243 873 5
4241 3251 873 5
4249 3251 873 5
4257 3251 873 5
4241 4227 873 5
4249 4227 873 5
4257 4227 873 5
4241 4235 873 5
4249 4235 873 5
4257 4235 873 5
4241 4243 873 5
4249 4243 873 5
4257 4243 873 5
4241 4371 873 5
4249 4371 873 5
4257 4371 873 5
4241 4379 873 5
4249 4379 873 5
4257 4379 873 5
4241 4387 873 5
4249 4387 873 5
4257 4387 873 5
4241 4395 873 5
4249 4395 873 5
4257 4395 873 5
4241 4987 873 5
4249 4987 873 5
4257 4987 873 5
4241 4995 873 5
4249 4995 873 5
4257 4995 873 5
4241 5003 873 5
4249 5003 873 5
4257 5003 873 5
4241 3235 871 5
4249 3235 871 5
4257 3235 871 5
4241 3243 871 5
4249 3243 871 5
4257 3243 871 5
4241 3251 871 5
4249 3251 871 5
4257 3251 871 5
4241 4371 871 5
4249 4371 871 5
4257 4371 871 5
4241 4379 871 5
4249 4379 871 5
4257 4379 871 5
4241 4387 871 5
4249 4387 871 5
4257 4387 871 5
4241 4395 871 5
4249 4395 871 5
4257 4395 871 5
4241 4971 871 5
4249 4971 871 5
4257 4971 871 5
4241 4979 871 5
4249 4979 871 5
4257 4979 871 5
4241 4987 871 5
4249 4987 871 5
4257 4987 871 5
4241 4995 871 5
4249 4995 871 5
4257 4995 871 5
4241 5003 871 5
4249 5003 871 5
4257 5003 871 5
4241 4971 869 5
4249 4971 869 5
4257 4971 869 5
4241 4979 869 5
4249 4979 869 5
4257 4979 869 5
4241 4987 869 5
4249 4987 869 5
4257 4987 869 5
4241 4995 869 5
4249 4995 869 5
4257 4995 869 5
4241 5003 869 5
4249 5003 869 5
4257 5003 869 5
4241 3235 867 5
4249 3235 867 5
4257 3235 867 5
4241 3243 867 5
4249 3243 867 5
4257 3243 867 5
4241 3251 867 5
4249 3251 867 5
4257 3251 867 5
4241 4227 867 5
4249 4227 867 5
4257 4227 867 5
4241 4235 867 5
4249 4235 867 5
4257 4235 867 5
4241 4243 867 5
4249 4243 867 5
4257 4243 867 5
4241 4363 867 5
4249 4363 867 5
4257 4363 867 5
4241 4371 867 5
4249 4371 867 5
4257 4371 867 5
4241 4379 867 5
4249 4379 867 5
4257 4379 867 5
4241 4387 867 5
4249 4387 867 5
4257 4387 867 5
4241 4395 867 5
4249 4395 867 5
4257 4395 867 5
4241 4987 867 5
4249 4987 867 5
4257 4987 867 5
4241 3235 865 5
4249 3235 865 5
4257 3235 865 5
4241 3243 865 5
4249 3243 865 5
4257 3243 865 5
4241 3251 865 5
4249 3251 865 5
4257 3251 865 5
4241 4227 865 5
4249 4227 865 5
4257 4227 865 5
4241 4235 865 5
4249 4235 865 5
4257 4235 865 5
4241 4243 865 5
4249 4243 865 5
4257 4243 865 5
4241 4363 865 5
4249 4363 865 5
4257 4363 865 5
4241 4371 865 5
4249 4371 865 5
4257 4371 865 5
4241 4379 865 5
4249 4379 865 5
4257 4379 865 5
4241 4387 865 5
4249 4387 865 5
4257 4387 865 5
4241 4395 865 5
4249 4395 865 5
4257 4395 865 5
4241 4971 865 5
4249 4971 865 5
4257 4971 865 5
4241 4979 865 5
4249 4979 865 5
4257 4979 865 5
4241 4987 865 5
4249 4987 865 5
4257 4987 865 5
4241 4363 863 5
4249 4363 863 5
4257 4363 863 5
4241 4371 863 5
4249 4371 863 5
4257 4371 863 5
4241 4379 863 5
4249 4379 863 5
4257 4379 863 5
4241 4971 863 5
4249 4971 863 5
4257 4971 863 5
4241 4979 863 5
4249 4979 863 5
4257 4979 863 5
4241 4987 863 5
4249 4987 863 5
4257 4987 863 5
4241 3243 861 5
4249 3243 861 5
4257 3243 861 5
4241 3251 861 5
4249 3251 861 5
4257 3251 861 5
4241 3259 861 5
4249 3259 861 5
4257 3259 861 5
4241 3267 861 5
4249 3267 861 5
4257 3267 861 5
4241 4371 861 5
4249 4371 861 5
4257 4371 861 5
4241 4379 861 5
4249 4379 861 5
4257 4379 861 5
4241 4387 861 5
4249 4387 861 5
4257 4387 861 5
4241 4971 861 5
4249 4971 861 5
4257 4971 861 5
4241 4979 861 5
4249 4979 861 5
4257 4979 861 5
4241 4987 861 5
4249 4987 861 5
4257 4987 861 5
4241 3243 859 5
4249 3243 859 5
4257 3243 859 5
4241 3251 859 5
4249 3251 859 5
4257 3251 859 5
4241 3259 859 5
4249 3259 859 5
4257 3259 859 5
4241 3267 859 5
4249 3267 859 5
4257 3267 859 5
4241 4227 859 5
4249 4227 859 5
4257 4227 859 5
4241 4235 859 5
4249 4235 859 5
4257 4235 859 5
4241 4243 859 5
4249 4243 859 5
4257 4243 859 5
4241 4371 859 5
4249 4371 859 5
4257 4371 859 5
4241 4379 859 5
4249 4379 859 5
4257 4379 859 5
4241 4387 859 5
4249 4387 859 5
4257 4387 859 5
4241 4971 859 5
4249 4971 859 5
4257 4971 859 5
4241 4979 859 5
4249 4979 859 5
4257 4979 859 5
4241 4987 859 5
4249 4987 859 5
4257 4987 859 5
4241 3251 857 5
4249 3251 857 5
4257 3251 857 5
4241 3259 857 5
4249 3259 857 5
4257 3259 857 5
4241 3267 857 5
4249 3267 857 5
4257 3267 857 5
4241 4227 857 5
4249 4227 857 5
4257 4227 857 5
4241 4235 857 5
4249 4235 857 5
4257 4235 857 5
4241 4243 857 5
4249 4243 857 5
4257 4243 857 5
4241 4371 857 5
4249 4371 857 5
4257 4371 857 5
4241 4379 857 5
4249 4379 857 5
4257 4379 857 5
4241 4387 857 5
4249 4387 857 5
4257 4387 857 5
4241 4971 857 5
4249 4971 857 5
4257 4971 857 5
4241 4979 857 5
4249 4979 857 5
4257 4979 857 5
4241 4987 857 5
4249 4987 857 5
4257 4987 857 5
4241 4363 855 5
4249 4363 855 5
4257 4363 855 5
4241 4371 855 5
4249 4371 855 5
4257 4371 855 5
4241 4379 855 5
4249 4379 855 5
4257 4379 855 5
4241 4387 855 5
4249 4387 855 5
4257 4387 855 5
4241 4971 855 5
4249 4971 855 5
4257 4971 855 5
4241 4979 855 5
4249 4979 855 5
4257 4979 855 5
4241 4987 855 5
4249 4987 855 5
4257 4987 855 5
4241 3251 853 5
4249 3251 853 5
4257 3251 853 5
4241 3259 853 5
4249 3259 853 5
4257 3259 853 5
4241 3267 853 5
4249 3267 853 5
4257 3267 853 5
4241 4355 853 5
4249 4355 853 5
4257 4355 853 5
4241 4363 853 5
4249 4363 853 5
4257 4363 853 5
4241 4371 853 5
4249 4371 853 5
4257 4371 853 5
4241 4379 853 5
4249 4379 853 5
4257 4379 853 5
4241 4971 853 5
4249 4971 853 5
4257 4971 853 5
4241 4979 853 5
4249 4979 853 5
4257 4979 853 5
4241 4987 853 5
4249 4987 853 5
4257 4987 853 5
4241 3259 851 5
4249 3259 851 5
4257 3259 851 5
4241 3267 851 5
4249 3267 851 5
4257 3267 851 5
4241 4227 851 5
4249 4227 851 5
4257 4227 851 5
4241 4235 851 5
4249 4235 851 5
4257 4235 851 5
4241 4243 851 5
4249 4243 851 5
4257 4243 851 5
4241 4355 851 5
4249 4355 851 5
4257 4355 851 5
4241 4363 851 5
4249 4363 851 5
4257 4363 851 5
4241 4371 851 5
4249 4371 851 5
4257 4371 851 5
4241 4971 851 5
4249 4971 851 5
4257 4971 851 5
4241 4979 851 5
4249 4979 851 5
4257 4979 851 5
4241 4987 851 5
4249 4987 851 5
4257 4987 851 5
4241 3259 849 5
4249 3259 849 5
4257 3259 849 5
4241 3267 849 5
4249 3267 849 5
4257 3267 849 5
4241 3275 849 5
4249 3275 849 5
4257 3275 849 5
4241 4227 849 5
4249 4227 849 5
4257 4227 849 5
4241 4235 849 5
4249 4235 849 5
4257 4235 849 5
4241 4243 849 5
4249 4243 849 5
4257 4243 849 5
4241 4355 849 5
4249 4355 849 5
4257 4355 849 5
4241 4363 849 5
4249 4363 849 5
4257 4363 849 5
4241 4371 849 5
4249 4371 849 5
4257 4371 849 5
4241 4379 849 5
4249 4379 849 5
4257 4379 849 5
4241 4387 849 5
4249 4387 849 5
4257 4387 849 5
4241 4971 849 5
4249 4971 849 5
4257 4971 849 5
4241 4979 849 5
4249 4979 849 5
4257 4979 849 5
4241 4987 849 5
4249 4987 849 5
4257 4987 849 5
4241 3259 847 5
4249 3259 847 5
4257 3259 847 5
4241 3267 847 5
4249 3267 847 5
4257 3267 847 5
4241 3275 847 5
4249 3275 847 5
4257 3275 847 5
4241 4355 847 5
4249 4355 847 5
4257 4355 847 5
4241 4363 847 5
4249 4363 847 5
4257 4363 847 5
4241 4371 847 5
4249 4371 847 5
4257 4371 847 5
4241 4379 847 5
4249 4379 847 5
4257 4379 847 5
4241 4387 847 5
4249 4387 847 5
4257 4387 847 5
4241 4971 847 5
4249 4971 847 5
4257 4971 847 5
4241 4979 847 5
4249 4979 847 5
4257 4979 847 5
4241 4987 847 5
4249 4987 847 5
4257 4987 847 5
4241 3259 845 5
4249 3259 845 5
4257 3259 845 5
4241 3267 845 5
4249 3267 845 5
4257 3267 845 5
4241 4235 845 5
4249 4235 845 5
4257 4235 845 5
4241 4243 845 5
4249 4243 845 5
4257 4243 845 5
4241 4355 845 5
4249 4355 845 5
4257 4355 845 5
4241 4363 845 5
4249 4363 845 5
4257 4363 845 5
4241 4371 845 5
4249 4371 845 5
4257 4371 845 5
4241 4971 845 5
4249 4971 845 5
4257 4971 845 5
4241 4979 845 5
4249 4979 845 5
4257 4979 845 5
4241 4987 845 5
4249 4987 845 5
4257 4987 845 5
4241 4995 845 5
4249 4995 845 5
4257 4995 845 5
4241 3259 843 5
4249 3259 843 5
4257 3259 843 5
4241 3267 843 5
4249 3267 843 5
4257 3267 843 5
4241 4235 843 5
4249 4235 843 5
4257 4235 843 5
4241 4243 843 5
4249 4243 843 5
4257 4243 843 5
4241 4355 843 5
4249 4355 843 5
4257 4355 843 5
4241 4363 843 5
4249 4363 843 5
4257 4363 843 5
4241 4371 843 5
4249 4371 843 5
4257 4371 843 5
4241 4971 843 5
4249 4971 843 5
4257 4971 843 5
4241 4979 843 5
4249 4979 843 5
4257 4979 843 5
4241 4987 843 5
4249 4987 843 5
4257 4987 843 5
4241 4995 843 5
4249 4995 843 5
4257 4995 843 5
4241 3251 841 5
4249 3251 841 5
4257 3251 841 5
4241 3259 841 5
4249 3259 841 5
4257 3259 841 5
4241 3267 841 5
4249 3267 841 5
4257 3267 841 5
4241 3275 841 5
4249 3275 841 5
4257 3275 841 5
4241 4363 841 5
4249 4363 841 5
4257 4363 841 5
4241 4371 841 5
4249 4371 841 5
4257 4371 841 5
4241 4379 841 5
4249 4379 841 5
4257 4379 841 5
4241 3251 839 5
4249 3251 839 5
4257 3251 839 5
4241 3259 839 5
4249 3259 839 5
4257 3259 839 5
4241 3267 839 5
4249 3267 839 5
4257 3267 839 5
4241 4235 839 5
4249 4235 839 5
4257 4235 839 5
4241 4243 839 5
4249 4243 839 5
4257 4243 839 5
4241 4363 839 5
4249 4363 839 5
4257 4363 839 5
4241 4371 839 5
4249 4371 839 5
4257 4371 839 5
4241 4379 839 5
4249 4379 839 5
4257 4379 839 5
4241 4963 839 5
4249 4963 839 5
4257 4963 839 5
4241 4971 839 5
4249 4971 839 5
4257 4971 839 5
4241 4979 839 5
4249 4979 839 5
4257 4979 839 5
4241 4987 839 5
4249 4987 839 5
4257 4987 839 5
4241 3251 837 5
4249 3251 837 5
4257 3251 837 5
4241 3259 837 5
4249 3259 837 5
4257 3259 837 5
4241 3267 837 5
4249 3267 837 5
4257 3267 837 5
4241 4235 837 5
4249 4235 837 5
4257 4235 837 5
4241 4243 837 5
4249 4243 837 5
4257 4243 837 5
4241 4963 837 5
4249 4963 837 5
4257 4963 837 5
4241 4971 837 5
4249 4971 837 5
4257 4971 837 5
4241 4979 837 5
4249 4979 837 5
4257 4979 837 5
4241 4987 837 5
4249 4987 837 5
4257 4987 837 5
4241 3251 835 5
4249 3251 835 5
4257 3251 835 5
4241 3259 835 5
4249 3259 835 5
4257 3259 835 5
4241 4963 835 5
4249 4963 835 5
4257 4963 835 5
4241 4971 835 5
4249 4971 835 5
4257 4971 835 5
4241 4979 835 5
4249 4979 835 5
4257 4979 835 5
4241 4987 835 5
4249 4987 835 5
4257 4987 835 5
4241 3259 833 5
4249 3259 833 5
4257 3259 833 5
4241 4963 833 5
4249 4963 833 5
4257 4963 833 5
4241 4971 833 5
4249 4971 833 5
4257 4971 833 5
4241 4979 833 5
4249 4979 833 5
4257 4979 833 5
4241 4987 833 5
4249 4987 833 5
4257 4987 833 5
4241 3259 831 5
4249 3259 831 5
4257 3259 831 5
4241 4227 831 5
4249 4227 831 5
4257 4227 831 5
4241 4235 831 5
4249 4235 831 5
4257 4235 831 5
4241 4363 831 5
4249 4363 831 5
4257 4363 831 5
4241 4371 831 5
4249 4371 831 5
4257 4371 831 5
4241 4379 831 5
4249 4379 831 5
4257 4379 831 5
4241 4963 831 5
4249 4963 831 5
4257 4963 831 5
4241 4971 831 5
4249 4971 831 5
4257 4971 831 5
4241 4979 831 5
4249 4979 831 5
4257 4979 831 5
4241 3259 829 5
4249 3259 829 5
4257 3259 829 5
4241 4227 829 5
4249 4227 829 5
4257 4227 829 5
4241 4235 829 5
4249 4235 829 5
4257 4235 829 5
4241 4363 829 5
4249 4363 829 5
4257 4363 829 5
4241 4371 829 5
4249 4371 829 5
4257 4371 829 5
4241 4379 829 5
4249 4379 829 5
4257 4379 829 5
4241 4963 829 5
4249 4963 829 5
4257 4963 829 5
4241 4971 829 5
4249 4971 829 5
4257 4971 829 5
4241 4979 829 5
4249 4979 829 5
4257 4979 829 5
4241 3259 827 5
4249 3259 827 5
4257 3259 827 5
4241 4227 827 5
4249 4227 827 5
4257 4227 827 5
4241 4235 827 5
4249 4235 827 5
4257 4235 827 5
4241 4963 827 5
4249 4963 827 5
4257 4963 827 5
4241 4971 827 5
4249 4971 827 5
4257 4971 827 5
4241 4979 827 5
4249 4979 827 5
4257 4979 827 5
4241 4227 825 5
4249 4227 825 5
4257 4227 825 5
4241 4371 825 5
4249 4371 825 5
4257 4371 825 5
4241 4379 825 5
4249 4379 825 5
4257 4379 825 5
4241 4963 825 5
4249 4963 825 5
4257 4963 825 5
4241 4971 825 5
4249 4971 825 5
4257 4971 825 5
4241 4979 825 5
4249 4979 825 5
4257 4979 825 5
4241 3259 823 5
4249 3259 823 5
4257 3259 823 5
4241 3267 823 5
4249 3267 823 5
4257 3267 823 5
4241 3275 823 5
4249 3275 823 5
4257 3275 823 5
4241 4371 823 5
4249 4371 823 5
4257 4371 823 5
4241 4379 823 5
4249 4379 823 5
4257 4379 823 5
4241 4963 823 5
4249 4963 823 5
4257 4963 823 5
4241 4971 823 5
4249 4971 823 5
4257 4971 823 5
4241 4979 823 5
4249 4979 823 5
4257 4979 823 5
4241 3267 821 5
4249 3267 821 5
4257 3267 821 5
4241 3275 821 5
4249 3275 821 5
4257 3275 821 5
4241 4227 821 5
4249 4227 821 5
4257 4227 821 5
4241 4371 821 5
4249 4371 821 5
4257 4371 821 5
4241 4379 821 5
4249 4379 821 5
4257 4379 821 5
4241 4963 821 5
4249 4963 821 5
4257 4963 821 5
4241 4971 821 5
4249 4971 821 5
4257 4971 821 5
4241 4979 821 5
4249 4979 821 5
4257 4979 821 5
4241 4227 819 5
4249 4227 819 5
4257 4227 819 5
4241 4371 819 5
4249 4371 819 5
4257 4371 819 5
4241 4379 819 5
4249 4379 819 5
4257 4379 819 5
4241 4955 819 5
4249 4955 819 5
4257 4955 819 5
4241 4963 819 5
4249 4963 819 5
4257 4963 819 5
4241 4971 819 5
4249 4971 819 5
4257 4971 819 5
4241 4371 817 5
4249 4371 817 5
4257 4371 817 5
4241 4379 817 5
4249 4379 817 5
4257 4379 817 5
4241 4955 817 5
4249 4955 817 5
4257 4955 817 5
4241 4963 817 5
4249 4963 817 5
4257 4963 817 5
4241 4971 817 5
4249 4971 817 5
4257 4971 817 5
4241 4227 815 5
4249 4227 815 5
4257 4227 815 5
4241 4235 815 5
4249 4235 815 5
4257 4235 815 5
4241 4243 815 5
4249 4243 815 5
4257 4243 815 5
4241 4363 815 5
4249 4363 815 5
4257 4363 815 5
4241 4371 815 5
4249 4371 815 5
4257 4371 815 5
4241 4379 815 5
4249 4379 815 5
4257 4379 815 5
4241 4955 815 5
4249 4955 815 5
4257 4955 815 5
4241 4963 815 5
4249 4963 815 5
4257 4963 815 5
4241 4971 815 5
4249 4971 815 5
4257 4971 815 5
4241 4235 813 5
4249 4235 813 5
4257 4235 813 5
4241 4243 813 5
4249 4243 813 5
4257 4243 813 5
4241 4947 813 5
4249 4947 813 5
4257 4947 813 5
4241 4955 813 5
4249 4955 813 5
4257 4955 813 5
4241 4963 813 5
4249 4963 813 5
4257 4963 813 5
4241 4971 813 5
4249 4971 813 5
4257 4971 813 5
4241 4363 811 5
4249 4363 811 5
4257 4363 811 5
4241 4371 811 5
4249 4371 811 5
4257 4371 811 5
4241 4947 811 5
4249 4947 811 5
4257 4947 811 5
4241 4955 811 5
4249 4955 811 5
4257 4955 811 5
4241 4963 811 5
4249 4963 811 5
4257 4963 811 5
4241 4235 809 5
4249 4235 809 5
4257 4235 809 5
4241 4363 809 5
4249 4363 809 5
4257 4363 809 5
4241 4371 809 5
4249 4371 809 5
4257 4371 809 5
4241 4947 809 5
4249 4947 809 5
4257 4947 809 5
4241 4955 809 5
4249 4955 809 5
4257 4955 809 5
4241 4963 809 5
4249 4963 809 5
4257 4963 809 5
4241 4235 807 5
4249 4235 807 5
4257 4235 807 5
4241 4947 807 5
4249 4947 807 5
4257 4947 807 5
4241 4955 807 5
4249 4955 807 5
4257 4955 807 5
4241 4963 807 5
4249 4963 807 5
4257 4963 807 5
4241 4235 805 5
4249 4235 805 5
4257 4235 805 5
4241 4363 805 5
4249 4363 805 5
4257 4363 805 5
4241 4371 805 5
4249 4371 805 5
4257 4371 805 5
4241 4939 805 5
4249 4939 805 5
4257 4939 805 5
4241 4947 805 5
4249 4947 805 5
4257 4947 805 5
4241 4955 805 5
4249 4955 805 5
4257 4955 805 5
4241 4963 805 5
4249 4963 805 5
4257 4963 805 5
4241 4227 803 5
4249 4227 803 5
4257 4227 803 5
4241 4235 803 5
4249 4235 803 5
4257 4235 803 5
4241 4355 803 5
4249 4355 803 5
4257 4355 803 5
4241 4363 803 5
4249 4363 803 5
4257 4363 803 5
4241 4371 803 5
4249 4371 803 5
4257 4371 803 5
4241 4939 803 5
4249 4939 803 5
4257 4939 803 5
4241 4947 803 5
4249 4947 803 5
4257 4947 803 5
4241 4955 803 5
4249 4955 803 5
4257 4955 803 5
4241 4227 801 5
4249 4227 801 5
4257 4227 801 5
4241 4235 801 5
4249 4235 801 5
4257 4235 801 5
4241 4355 801 5
4249 4355 801 5
4257 4355 801 5
4241 4363 801 5
4249 4363 801 5
4257 4363 801 5
4241 4371 801 5
4249 4371 801 5
4257 4371 801 5
4241 4939 801 5
4249 4939 801 5
4257 4939 801 5
4241 4947 801 5
4249 4947 801 5
4257 4947 801 5
4241 4955 801 5
4249 4955 801 5
4257 4955 801 5
4241 4227 799 5
4249 4227 799 5
4257 4227 799 5
4241 4235 799 5
4249 4235 799 5
4257 4235 799 5
4241 4355 799 5
4249 4355 799 5
4257 4355 799 5
4241 4363 799 5
4249 4363 799 5
4257 4363 799 5
4241 4371 799 5
4249 4371 799 5
4257 4371 799 5
4241 4939 799 5
4249 4939 799 5
4257 4939 799 5
4241 4947 799 5
4249 4947 799 5
4257 4947 799 5
4241 4955 799 5
4249 4955 799 5
4257 4955 799 5
4241 4963 799 5
4249 4963 799 5
4257 4963 799 5
4241 4947 797 5
4249 4947 797 5
4257 4947 797 5
4241 4955 797 5
4249 4955 797 5
4257 4955 797 5
4241 4963 797 5
4249 4963 797 5
4257 4963 797 5
4241 4227 795 5
4249 4227 795 5
4257 4227 795 5
4241 4235 795 5
4249 4235 795 5
4257 4235 795 5
4241 4243 795 5
4249 4243 795 5
4257 4243 795 5
4241 4355 795 5
4249 4355 795 5
4257 4355 795 5
4241 4363 795 5
4249 4363 795 5
4257 4363 795 5
4241 4371 795 5
4249 4371 795 5
4257 4371 795 5
4241 4227 793 5
4249 4227 793 5
4257 4227 793 5
4241 4235 793 5
4249 4235 793 5
4257 4235 793 5
4241 4243 793 5
4249 4243 793 5
4257 4243 793 5
4241 4355 793 5
4249 4355 793 5
4257 4355 793 5
4241 4363 793 5
4249 4363 793 5
4257 4363 793 5
4241 4371 793 5
4249 4371 793 5
4257 4371 793 5
4241 4947 793 5
4249 4947 793 5
4257 4947 793 5
4241 4955 793 5
4249 4955 793 5
4257 4955 793 5
4241 4963 793 5
4249 4963 793 5
4257 4963 793 5
4241 4219 791 5
4249 4219 791 5
4257 4219 791 5
4241 4227 791 5
4249 4227 791 5
4257 4227 791 5
4241 4235 791 5
4249 4235 791 5
4257 4235 791 5
4241 4243 791 5
4249 4243 791 5
4257 4243 791 5
4241 4355 791 5
4249 4355 791 5
4257 4355 791 5
4241 4363 791 5
4249 4363 791 5
4257 4363 791 5
4241 4371 791 5
4249 4371 791 5
4257 4371 791 5
4241 4947 791 5
4249 4947 791 5
4257 4947 791 5
4241 4955 791 5
4249 4955 791 5
4257 4955 791 5
4241 4963 791 5
4249 4963 791 5
4257 4963 791 5
4241 4219 789 5
4249 4219 789 5
4257 4219 789 5
4241 4227 789 5
4249 4227 789 5
4257 4227 789 5
4241 4235 789 5
4249 4235 789 5
4257 4235 789 5
4241 4243 789 5
4249 4243 789 5
4257 4243 789 5
4241 4219 787 5
4249 4219 787 5
4257 4219 787 5
4241 4227 787 5
4249 4227 787 5
4257 4227 787 5
4241 4235 787 5
4249 4235 787 5
4257 4235 787 5
4241 4243 787 5
4249 4243 787 5
4257 4243 787 5
4241 4355 787 5
4249 4355 787 5
4257 4355 787 5
4241 4363 787 5
4249 4363 787 5
4257 4363 787 5
4241 4371 787 5
4249 4371 787 5
4257 4371 787 5
4241 4939 787 5
4249 4939 787 5
4257 4939 787 5
4241 4947 787 5
4249 4947 787 5
4257 4947 787 5
4241 4955 787 5
4249 4955 787 5
4257 4955 787 5
4241 4219 785 5
4249 4219 785 5
4257 4219 785 5
4241 4227 785 5
4249 4227 785 5
4257 4227 785 5
4241 4235 785 5
4249 4235 785 5
4257 4235 785 5
4241 4243 785 5
4249 4243 785 5
4257 4243 785 5
4241 4347 785 5
4249 4347 785 5
4257 4347 785 5
4241 4355 785 5
4249 4355 785 5
4257 4355 785 5
4241 4363 785 5
4249 4363 785 5
4257 4363 785 5
4241 4371 785 5
4249 4371 785 5
4257 4371 785 5
4241 4939 785 5
4249 4939 785 5
4257 4939 785 5
4241 4947 785 5
4249 4947 785 5
4257 4947 785 5
4241 4955 785 5
4249 4955 785 5
4257 4955 785 5
4241 4227 783 5
4249 4227 783 5
4257 4227 783 5
4241 4235 783 5
4249 4235 783 5
4257 4235 783 5
4241 4243 783 5
4249 4243 783 5
4257 4243 783 5
4241 4347 783 5
4249 4347 783 5
4257 4347 783 5
4241 4355 783 5
4249 4355 783 5
4257 4355 783 5
4241 4363 783 5
4249 4363 783 5
4257 4363 783 5
4241 4227 781 5
4249 4227 781 5
4257 4227 781 5
4241 4235 781 5
4249 4235 781 5
4257 4235 781 5
4241 4243 781 5
4249 4243 781 5
4257 4243 781 5
4241 4355 781 5
4249 4355 781 5
4257 4355 781 5
4241 4363 781 5
4249 4363 781 5
4257 4363 781 5
4241 4371 781 5
4249 4371 781 5
4257 4371 781 5
4241 4931 781 5
4249 4931 781 5
4257 4931 781 5
4241 4939 781 5
4249 4939 781 5
4257 4939 781 5
4241 4947 781 5
4249 4947 781 5
4257 4947 781 5
4241 4955 781 5
4249 4955 781 5
4257 4955 781 5
4241 4227 779 5
4249 4227 779 5
4257 4227 779 5
4241 4235 779 5
4249 4235 779 5
4257 4235 779 5
4241 4243 779 5
4249 4243 779 5
4257 4243 779 5
4241 4355 779 5
4249 4355 779 5
4257 4355 779 5
4241 4363 779 5
4249 4363 779 5
4257 4363 779 5
4241 4371 779 5
4249 4371 779 5
4257 4371 779 5
4241 4931 779 5
4249 4931 779 5
4257 4931 779 5
4241 4939 779 5
4249 4939 779 5
4257 4939 779 5
4241 4947 779 5
4249 4947 779 5
4257 4947 779 5
4241 4955 779 5
4249 4955 779 5
4257 4955 779 5
4241 4235 777 5
4249 4235 777 5
4257 4235 777 5
4241 4243 777 5
4249 4243 777 5
4257 4243 777 5
4241 4347 777 5
4249 4347 777 5
4257 4347 777 5
4241 4355 777 5
4249 4355 777 5
4257 4355 777 5
4241 4363 777 5
4249 4363 777 5
4257 4363 777 5
4241 4923 777 5
4249 4923 777 5
4257 4923 777 5
4241 4931 777 5
4249 4931 777 5
4257 4931 777 5
4241 4939 777 5
4249 4939 777 5
4257 4939 777 5
4241 4227 775 5
4249 4227 775 5
4257 4227 775 5
4241 4235 775 5
4249 4235 775 5
4257 4235 775 5
4241 4243 775 5
4249 4243 775 5
4257 4243 775 5
4241 4347 775 5
4249 4347 775 5
4257 4347 775 5
4241 4355 775 5
4249 4355 775 5
4257 4355 775 5
4241 4363 775 5
4249 4363 775 5
4257 4363 775 5
4241 4923 775 5
4249 4923 775 5
4257 4923 775 5
4241 4931 775 5
4249 4931 775 5
4257 4931 775 5
4241 4939 775 5
4249 4939 775 5
4257 4939 775 5
4241 4219 773 5
4249 4219 773 5
4257 4219 773 5
4241 4227 773 5
4249 4227 773 5
4257 4227 773 5
4241 4235 773 5
4249 4235 773 5
4257 4235 773 5
4241 4923 773 5
4249 4923 773 5
4257 4923 773 5
4241 4931 773 5
4249 4931 773 5
4257 4931 773 5
4241 4939 773 5
4249 4939 773 5
4257 4939 773 5
4241 4219 771 5
4249 4219 771 5
4257 4219 771 5
4241 4227 771 5
4249 4227 771 5
4257 4227 771 5
4241 4235 771 5
4249 4235 771 5
4257 4235 771 5
4241 4347 771 5
4249 4347 771 5
4257 4347 771 5
4241 4355 771 5
4249 4355 771 5
4257 4355 771 5
4241 4363 771 5
4249 4363 771 5
4257 4363 771 5
4241 4923 771 5
4249 4923 771 5
4257 4923 771 5
4241 4931 771 5
4249 4931 771 5
4257 4931 771 5
4241 4939 771 5
4249 4939 771 5
4257 4939 771 5
4249 4235 769 5
4241 4347 769 5
4249 4347 769 5
4257 4347 769 5
4241 4355 769 5
4249 4355 769 5
4257 4355 769 5
4241 4363 769 5
4249 4363 769 5
4257 4363 769 5
4249 4227 767 5
4241 4347 767 5
4249 4347 767 5
4257 4347 767 5
4241 4355 767 5
4249 4355 767 5
4257 4355 767 5
4241 4363 767 5
4249 4363 767 5
4257 4363 767 5
4241 4915 767 5
4249 4915 767 5
4257 4915 767 5
4241 4923 767 5
4249 4923 767 5
4257 4923 767 5
4241 4931 767 5
4249 4931 767 5
4257 4931 767 5
4249 4227 765 5
4241 4915 765 5
4249 4915 765 5
4257 4915 765 5
4241 4923 765 5
4249 4923 765 5
4257 4923 765 5
4241 4931 765 5
4249 4931 765 5
4257 4931 765 5
4249 4227 763 5
4241 4339 763 5
4249 4339 763 5
4257 4339 763 5
4241 4347 763 5
4249 4347 763 5
4257 4347 763 5
4241 4355 763 5
4249 4355 763 5
4257 4355 763 5
4241 4915 763 5
4249 4915 763 5
4257 4915 763 5
4241 4923 763 5
4249 4923 763 5
4257 4923 763 5
4241 4931 763 5
4249 4931 763 5
4257 4931 763 5
4241 4339 761 5
4249 4339 761 5
4257 4339 761 5
4241 4347 761 5
4249 4347 761 5
4257 4347 761 5
4241 4355 761 5
4249 4355 761 5
4257 4355 761 5
4241 4915 761 5
4249 4915 761 5
4257 4915 761 5
4241 4923 761 5
4249 4923 761 5
4257 4923 761 5
4241 4931 761 5
4249 4931 761 5
4257 4931 761 5
4249 4227 759 5
4249 4235 759 5
4241 4915 759 5
4249 4915 759 5
4257 4915 759 5
4241 4923 759 5
4249 4923 759 5
4257 4923 759 5
4241 4931 759 5
4249 4931 759 5
4257 4931 759 5
4241 4227 757 5
4249 4227 757 5
4257 4227 757 5
4241 4235 757 5
4249 4235 757 5
4257 4235 757 5
4241 4243 757 5
4249 4243 757 5
4257 4243 757 5
4241 4915 757 5
4249 4915 757 5
4257 4915 757 5
4241 4923 757 5
4249 4923 757 5
4257 4923 757 5
4241 4931 757 5
4249 4931 757 5
4257 4931 757 5
4241 4227 755 5
4249 4227 755 5
4257 4227 755 5
4241 4235 755 5
4249 4235 755 5
4257 4235 755 5
4241 4243 755 5
4249 4243 755 5
4257 4243 755 5
4241 4331 755 5
4249 4331 755 5
4257 4331 755 5
4241 4339 755 5
4249 4339 755 5
4257 4339 755 5
4241 4347 755 5
4249 4347 755 5
4257 4347 755 5
4241 4907 755 5
4249 4907 755 5
4257 4907 755 5
4241 4915 755 5
4249 4915 755 5
4257 4915 755 5
4241 4923 755 5
4249 4923 755 5
4257 4923 755 5
4249 4235 753 5
4241 4331 753 5
4249 4331 753 5
4257 4331 753 5
4241 4339 753 5
4249 4339 753 5
4257 4339 753 5
4241 4347 753 5
4249 4347 753 5
4257 4347 753 5
4241 4899 753 5
4249 4899 753 5
4257 4899 753 5
4241 4907 753 5
4249 4907 753 5
4257 4907 753 5
4241 4915 753 5
4249 4915 753 5
4257 4915 753 5
4241 4923 753 5
4249 4923 753 5
4257 4923 753 5
4241 4219 751 5
4249 4219 751 5
4257 4219 751 5
4241 4227 751 5
4249 4227 751 5
4257 4227 751 5
4241 4235 751 5
4249 4235 751 5
4257 4235 751 5
4241 4899 751 5
4249 4899 751 5
4257 4899 751 5
4241 4907 751 5
4249 4907 751 5
4257 4907 751 5
4241 4915 751 5
4249 4915 751 5
4257 4915 751 5
4241 4219 749 5
4249 4219 749 5
4257 4219 749 5
4241 4227 749 5
4249 4227 749 5
4257 4227 749 5
4241 4235 749 5
4249 4235 749 5
4257 4235 749 5
4241 4899 749 5
4249 4899 749 5
4257 4899 749 5
4241 4907 749 5
4249 4907 749 5
4257 4907 749 5
4241 4915 749 5
4249 4915 749 5
4257 4915 749 5
4249 4227 747 5
4241 4323 747 5
4249 4323 747 5
4257 4323 747 5
4241 4331 747 5
4249 4331 747 5
4257 4331 747 5
4241 4339 747 5
4249 4339 747 5
4257 4339 747 5
4241 4891 747 5
4249 4891 747 5
4257 4891 747 5
4241 4899 747 5
4249 4899 747 5
4257 4899 747 5
4241 4907 747 5
4249 4907 747 5
4257 4907 747 5
4241 4915 747 5
4249 4915 747 5
4257 4915 747 5
4249 4227 745 5
4241 4323 745 5
4249 4323 745 5
4257 4323 745 5
4241 4331 745 5
4249 4331 745 5
4257 4331 745 5
4241 4339 745 5
4249 4339 745 5
4257 4339 745 5
4241 4891 745 5
4249 4891 745 5
4257 4891 745 5
4241 4899 745 5
4249 4899 745 5
4257 4899 745 5
4241 4907 745 5
4249 4907 745 5
4257 4907 745 5
4241 4915 745 5
4249 4915 745 5
4257 4915 745 5
4249 4227 743 5
4249 4235 743 5
4241 4899 743 5
4249 4899 743 5
4257 4899 743 5
4241 4907 743 5
4249 4907 743 5
4257 4907 743 5
4241 4915 743 5
4249 4915 743 5
4257 4915 743 5
4249 4227 741 5
4249 4235 741 5
4241 4891 741 5
4249 4891 741 5
4257 4891 741 5
4241 4899 741 5
4249 4899 741 5
4257 4899 741 5
4241 4907 741 5
4249 4907 741 5
4257 4907 741 5
4241 4323 739 5
4249 4323 739 5
4257 4323 739 5
4241 4331 739 5
4249 4331 739 5
4257 4331 739 5
4241 4339 739 5
4249 4339 739 5
4257 4339 739 5
4241 4891 739 5
4249 4891 739 5
4257 4891 739 5
4241 4899 739 5
4249 4899 739 5
4257 4899 739 5
4241 4907 739 5
4249 4907 739 5
4257 4907 739 5
4241 4323 737 5
4249 4323 737 5
4257 4323 737 5
4241 4331 737 5
4249 4331 737 5
4257 4331 737 5
4241 4339 737 5
4249 4339 737 5
4257 4339 737 5
4241 4891 737 5
4249 4891 737 5
4257 4891 737 5
4241 4899 737 5
4249 4899 737 5
4257 4899 737 5
4241 4907 737 5
4249 4907 737 5
4257 4907 737 5
4241 4883 733 5
4249 4883 733 5
4257 4883 733 5
4241 4891 733 5
4249 4891 733 5
4257 4891 733 5
4241 4899 733 5
4249 4899 733 5
4257 4899 733 5
4241 4907 733 5
4249 4907 733 5
4257 4907 733 5
4241 4323 731 5
4249 4323 731 5
4257 4323 731 5
4241 4331 731 5
4249 4331 731 5
4257 4331 731 5
4241 4339 731 5
4249 4339 731 5
4257 4339 731 5
4241 4883 731 5
4249 4883 731 5
4257 4883 731 5
4241 4891 731 5
4249 4891 731 5
4257 4891 731 5
4241 4899 731 5
4249 4899 731 5
4257 4899 731 5
4241 4907 731 5
4249 4907 731 5
4257 4907 731 5
4241 4323 729 5
4249 4323 729 5
4257 4323 729 5
4241 4331 729 5
4249 4331 729 5
4257 4331 729 5
4241 4339 729 5
4249 4339 729 5
4257 4339 729 5
4241 4883 729 5
4249 4883 729 5
4257 4883 729 5
4241 4891 729 5
4249 4891 729 5
4257 4891 729 5
4241 4899 729 5
4249 4899 729 5
4257 4899 729 5
4249 4227 727 5
4241 4883 727 5
4249 4883 727 5
4257 4883 727 5
4241 4891 727 5
4249 4891 727 5
4257 4891 727 5
4241 4899 727 5
4249 4899 727 5
4257 4899 727 5
4249 4219 725 5
4249 4227 725 5
4241 4323 725 5
4249 4323 725 5
4257 4323 725 5
4241 4331 725 5
4249 4331 725 5
4257 4331 725 5
4241 4883 725 5
4249 4883 725 5
4257 4883 725 5
4241 4891 725 5
4249 4891 725 5
4257 4891 725 5
4241 4899 725 5
4249 4899 725 5
4257 4899 725 5
4249 4219 723 5
4249 4227 723 5
4241 4323 723 5
4249 4323 723 5
4257 4323 723 5
4241 4331 723 5
4249 4331 723 5
4257 4331 723 5
4241 4883 723 5
4249 4883 723 5
4257 4883 723 5
4241 4891 723 5
4249 4891 723 5
4257 4891 723 5
4241 4899 723 5
4249 4899 723 5
4257 4899 723 5
4249 4219 721 5
4241 4883 721 5
4249 4883 721 5
4257 4883 721 5
4241 4891 721 5
4249 4891 721 5
4257 4891 721 5
4241 4899 721 5
4249 4899 721 5
4257 4899 721 5
4249 4219 719 5
4241 4315 719 5
4249 4315 719 5
4257 4315 719 5
4241 4323 719 5
4249 4323 719 5
4257 4323 719 5
4241 4331 719 5
4249 4331 719 5
4257 4331 719 5
4241 4875 719 5
4249 4875 719 5
4257 4875 719 5
4241 4883 719 5
4249 4883 719 5
4257 4883 719 5
4241 4891 719 5
4249 4891 719 5
4257 4891 719 5
4241 4899 719 5
4249 4899 719 5
4257 4899 719 5
4241 4315 717 5
4249 4315 717 5
4257 4315 717 5
4241 4323 717 5
4249 4323 717 5
4257 4323 717 5
4241 4331 717 5
4249 4331 717 5
4257 4331 717 5
4241 4875 717 5
4249 4875 717 5
4257 4875 717 5
4241 4883 717 5
4249 4883 717 5
4257 4883 717 5
4241 4891 717 5
4249 4891 717 5
4257 4891 717 5
4241 4875 715 5
4249 4875 715 5
4257 4875 715 5
4241 4883 715 5
4249 4883 715 5
4257 4883 715 5
4241 4891 715 5
4249 4891 715 5
4257 4891 715 5
4249 4219 713 5
4241 4867 713 5
4249 4867 713 5
4257 4867 713 5
4241 4875 713 5
4249 4875 713 5
4257 4875 713 5
4241 4883 713 5
4249 4883 713 5
4257 4883 713 5
4241 4891 713 5
4249 4891 713 5
4257 4891 713 5
4241 4867 711 5
4249 4867 711 5
4257 4867 711 5
4241 4875 711 5
4249 4875 711 5
4257 4875 711 5
4241 4883 711 5
4249 4883 711 5
4257 4883 711 5
4241 4867 709 5
4249 4867 709 5
4257 4867 709 5
4241 4875 709 5
4249 4875 709 5
4257 4875 709 5
4241 4883 709 5
4249 4883 709 5
4257 4883 709 5
4241 4867 707 5
4249 4867 707 5
4257 4867 707 5
4241 4875 707 5
4249 4875 707 5
4257 4875 707 5
4241 4883 707 5
4249 4883 707 5
4257 4883 707 5
4241 4867 705 5
4249 4867 705 5
4257 4867 705 5
4241 4875 705 5
4249 4875 705 5
4257 4875 705 5
4241 4883 705 5
4249 4883 705 5
4257 4883 705 5
4241 4867 703 5
4249 4867 703 5
4257 4867 703 5
4241 4875 703 5
4249 4875 703 5
4257 4875 703 5
4241 4883 703 5
4249 4883 703 5
4257 4883 703 5
4241 4859 701 5
4249 4859 701 5
4257 4859 701 5
4241 4867 701 5
4249 4867 701 5
4257 4867 701 5
4241 4875 701 5
4249 4875 701 5
4257 4875 701 5
4241 4859 699 5
4249 4859 699 5
4257 4859 699 5
4241 4867 699 5
4249 4867 699 5
4257 4867 699 5
4241 4875 699 5
4249 4875 699 5
4257 4875 699 5
4241 4859 697 5
4249 4859 697 5
4257 4859 697 5
4241 4867 697 5
4249 4867 697 5
4257 4867 697 5
4241 4875 697 5
4249 4875 697 5
4257 4875 697 5
4241 4859 695 5
4249 4859 695 5
4257 4859 695 5
4241 4867 695 5
4249 4867 695 5
4257 4867 695 5
4241 4875 695 5
4249 4875 695 5
4257 4875 695 5
4241 4859 693 5
4249 4859 693 5
4257 4859 693 5
4241 4867 693 5
4249 4867 693 5
4257 4867 693 5
4241 4875 693 5
4249 4875 693 5
4257 4875 693 5
4241 4859 691 5
4249 4859 691 5
4257 4859 691 5
4241 4867 691 5
4249 4867 691 5
4257 4867 691 5
4241 4875 691 5
4249 4875 691 5
4257 4875 691 5
